1 = 512 125 192 128
10 = 692 253 128 128
11 = 594 384 128 128
12 = 0 538 64 64
13 = 206 572 32 16
14 = 206 540 32 32
15 = 307 506 20 16
16 = 105 522 47 16
17 = 206 522 36 18
18 = 119 538 47 16
19 = 160 506 45 16
2 = 726 0 192 128
20 = 50 761 20 20
21 = 205 506 40 16
22 = 464 438 128 64
23 = 820 256 128 64
24 = 850 320 128 64
25 = 245 506 32 32
26 = 238 540 30 105
27 = 119 554 40 140
28 = 0 618 50 175
29 = 0 793 30 16
3 = 500 256 192 128
30 = 206 588 30 16
31 = 0 809 30 16
32 = 50 745 30 16
33 = 277 506 30 105
34 = 166 522 40 140
35 = 64 570 50 175
36 = 0 602 55 16
37 = 64 538 55 16
38 = 105 506 55 16
39 = 64 554 55 16
4 = 0 0 256 128
40 = 918 0 105 32
41 = 464 384 130 54
5 = 0 128 256 128
6 = 256 0 256 128
7 = 256 128 256 128
8 = 874 128 128 128
9 = 722 381 128 128
l_1 = 206 604 23 32
l_10 = 918 32 105 32
l_11 = 918 64 105 32
l_12 = 918 96 105 32
l_13 = 850 480 128 32
l_14 = 850 384 128 48
l_2 = 0 256 250 125
l_3 = 0 381 250 125
l_4 = 250 256 250 125
l_5 = 704 128 170 125
l_6 = 250 381 214 125
l_7 = 512 0 214 125
l_8 = 850 432 128 48
l_9 = 0 506 105 32
